# Conservation Analysis
# Total positions: 208
# Total sequences in MSA: 246

## Top 30% most conserved positions (63 residues):
1, 2, 3, 4, 5, 6, 7, 9, 10, 11, 12, 15, 16, 17, 25, 26, 27, 28, 29, 30, 32, 33, 37, 47, 49, 52, 53, 54, 55, 56, 58, 61, 64, 65, 68, 69, 70, 72, 73, 75, 77, 78, 80, 81, 82, 83, 84, 87, 90, 96, 100, 101, 121, 122, 123, 131, 132, 138, 154, 158, 162, 164, 166

## Top 50% most conserved positions (104 residues):
1, 2, 3, 4, 5, 6, 7, 8, 9, 10, 11, 12, 13, 15, 16, 17, 19, 24, 25, 26, 27, 28, 29, 30, 31, 32, 33, 34, 35, 36, 37, 39, 47, 49, 50, 51, 52, 53, 54, 55, 56, 57, 58, 59, 61, 62, 63, 64, 65, 66, 68, 69, 70, 72, 73, 75, 77, 78, 79, 80, 81, 82, 83, 84, 86, 87, 90, 92, 96, 97, 98, 100, 101, 111, 112, 116, 118, 119, 121, 122, 123, 125, 131, 132, 134, 138, 140, 141, 142, 150, 152, 154, 158, 161, 162, 163, 164, 165, 166, 180, 182, 186, 193, 208

## Top 70% most conserved positions (146 residues):
1, 2, 3, 4, 5, 6, 7, 8, 9, 10, 11, 12, 13, 14, 15, 16, 17, 19, 20, 22, 23, 24, 25, 26, 27, 28, 29, 30, 31, 32, 33, 34, 35, 36, 37, 39, 41, 42, 46, 47, 48, 49, 50, 51, 52, 53, 54, 55, 56, 57, 58, 59, 60, 61, 62, 63, 64, 65, 66, 67, 68, 69, 70, 72, 73, 75, 76, 77, 78, 79, 80, 81, 82, 83, 84, 85, 86, 87, 90, 91, 92, 96, 97, 98, 100, 101, 110, 111, 112, 113, 115, 116, 118, 119, 120, 121, 122, 123, 125, 126, 128, 129, 131, 132, 133, 134, 135, 138, 140, 141, 142, 143, 150, 152, 154, 155, 156, 157, 158, 159, 161, 162, 163, 164, 165, 166, 167, 168, 174, 180, 182, 184, 186, 187, 189, 190, 191, 193, 194, 201, 202, 203, 204, 205, 206, 208

## Full conservation ranking (position, query_aa, top_aa, conservation_score):
Rank  Position  Query_AA    Top_AA    Score     N_seqs    
----------------------------------------------------------
1     1         M           M         1.0000    246       
2     4         W           W         0.9880    251       
3     7         T           T         0.7590    249       
4     82        L           L         0.7520    2605      
5     78        R           R         0.6633    2103      
6     10        A           A         0.6157    229       
7     75        G           G         0.6106    1800      
8     65        R           R         0.6060    1094      
9     3         K           K         0.5944    249       
10    29        L           L         0.5879    313       
11    68        R           R         0.5726    1308      
12    9         C           G         0.5677    229       
13    6         L           L         0.5657    251       
14    83        F           Y         0.5489    2609      
15    73        L           L         0.5429    1759      
16    54        S           S         0.5338    429       
17    16        L           L         0.5212    236       
18    53        S           S         0.5207    434       
19    55        S           S         0.4944    447       
20    12        A           A         0.4795    244       
21    80        R           R         0.4686    2339      
22    26        L           L         0.4542    306       
23    17        P           P         0.4492    236       
24    27        L           L         0.4459    305       
25    2         W           C         0.4309    246       
26    158       E           E         0.4295    2859      
27    37        C           C         0.4286    350       
28    69        S           S         0.4264    1386      
29    81        K           R         0.4189    2502      
30    11        S           S         0.4167    240       
31    52        S           S         0.4106    414       
32    56        S           S         0.4101    473       
33    33        V           L         0.4065    337       
34    121       V           V         0.4040    2869      
35    87        K           G         0.4038    2660      
36    100       G           G         0.3869    2732      
37    25        L           L         0.3811    307       
38    28        F           L         0.3746    307       
39    70        Y           Y         0.3734    1430      
40    15        H           H         0.3705    224       
41    90        L           L         0.3685    2665      
42    61        S           S         0.3659    686       
43    132       L           L         0.3651    2865      
44    138       G           G         0.3620    2920      
45    84        S           C         0.3605    2624      
46    30        V           V         0.3587    315       
47    72        H           H         0.3560    1680      
48    96        G           G         0.3553    2682      
49    47        P           P         0.3495    392       
50    32        S           S         0.3406    320       
51    162       N           N         0.3399    2851      
52    77        V           V         0.3367    2002      
53    5         I           T         0.3333    249       
54    164       Y           Y         0.3277    2841      
55    123       V           I         0.3215    2871      
56    122       A           V         0.3200    2866      
57    49        A           A         0.3162    408       
58    101       T           T         0.3162    2736      
59    64        G           G         0.3118    975       
60    154       E           E         0.3115    2876      
61    131       Y           Y         0.3057    2866      
62    166       S           S         0.3055    2838      
63    58        S           S         0.3051    495       
64    193       R           R         0.3015    2537      
65    19        C           L         0.3011    269       
66    36        T           A         0.3009    349       
67    119       G           G         0.2845    2875      
68    140       L           L         0.2844    2929      
69    161       Y           Y         0.2836    2853      
70    59        S           S         0.2834    547       
71    118       I           V         0.2826    2866      
72    180       L           L         0.2825    2595      
73    24        F           L         0.2805    303       
74    34        P           P         0.2802    339       
75    150       C           C         0.2742    2885      
76    62        S           S         0.2742    766       
77    112       E           L         0.2737    2850      
78    51        N           N         0.2729    414       
79    98        V           V         0.2728    2709      
80    50        T           T         0.2725    411       
81    92        I           I         0.2679    2695      
82    141       Y           Y         0.2669    2937      
83    31        S           S         0.2665    319       
84    208       S           L         0.2664    1329      
85    182       G           L         0.2647    2663      
86    57        F           S         0.2624    465       
87    142       G           G         0.2607    2938      
88    116       V           V         0.2594    2864      
89    134       M           M         0.2590    2904      
90    66        H           H         0.2588    1132      
91    111       L           L         0.2553    2844      
92    35        V           V         0.2543    346       
93    63        A           A         0.2543    881       
94    163       T           T         0.2534    2849      
95    125       A           G         0.2519    2878      
96    13        F           L         0.2510    243       
97    39        A           D         0.2507    355       
98    8         H           Q         0.2500    244       
99    86        T           T         0.2487    2658      
100   97        K           G         0.2463    2680      
101   165       A           Y         0.2459    2847      
102   186       P           G         0.2452    2590      
103   152       L           F         0.2445    2875      
104   79        W           R         0.2440    2135      
105   205       V           P         0.2432    2418      
106   143       S           S         0.2430    2946      
107   46        S           S         0.2428    416       
108   133       A           A         0.2425    2866      
109   85        F           R         0.2408    2625      
110   115       S           S         0.2402    2873      
111   203       P           F         0.2394    2502      
112   22        C           L         0.2390    272       
113   48        E           S         0.2387    398       
114   191       K           G         0.2385    2558      
115   167       F           S         0.2370    2831      
116   157       E           E         0.2358    2862      
117   204       M           L         0.2346    2489      
118   110       I           I         0.2346    2792      
119   201       F           F         0.2338    2541      
120   159       N           E         0.2325    2852      
121   120       V           G         0.2308    2872      
122   206       V           R         0.2293    2211      
123   129       N           G         0.2292    2875      
124   184       G           G         0.2290    2629      
125   14        P           S         0.2290    214       
126   113       I           L         0.2280    2833      
127   60        P           P         0.2273    629       
128   67        V           P         0.2268    1217      
129   190       Q           G         0.2239    2573      
130   128       S           S         0.2211    2881      
131   126       I           V         0.2211    2872      
132   42        Q           R         0.2188    361       
133   168       N           S         0.2186    2818      
134   202       L           F         0.2168    2523      
135   91        K           L         0.2166    2664      
136   76        D           I         0.2164    1825      
137   187       R           R         0.2154    2586      
138   20        C           C         0.2149    242       
139   135       N           N         0.2138    2909      
140   194       R           R         0.2130    2545      
141   174       R           R         0.2123    2129      
142   41        G           G         0.2119    354       
143   189       G           G         0.2094    2584      
144   155       R           R         0.2088    2869      
145   156       I           E         0.2077    2865      
146   23        C           C         0.2070    285       
147   45        V           R         0.2056    394       
148   153       K           K         0.2038    2875      
149   102       K           G         0.2022    2735      
150   199       A           A         0.2020    2544      
151   185       A           G         0.2011    2596      
152   124       K           I         0.2005    2878      
153   188       R           K         0.2001    2594      
154   40        L           L         0.2000    350       
155   109       S           S         0.2000    2765      
156   127       N           G         0.1996    2876      
157   74        Q           E         0.1981    1767      
158   71        N           D         0.1981    1545      
159   88        Y           F         0.1967    2659      
160   169       W           Y         0.1966    2777      
161   139       K           G         0.1937    2922      
162   149       D           D         0.1935    2889      
163   21        C           S         0.1901    263       
164   106       C           S         0.1899    2717      
165   89        F           F         0.1888    2659      
166   137       K           K         0.1881    2924      
167   181       N           L         0.1866    2642      
168   195       K           K         0.1859    2534      
169   183       K           S         0.1843    2642      
170   173       G           G         0.1830    2317      
171   93        E           I         0.1826    2700      
172   136       K           M         0.1826    2914      
173   175       Q           G         0.1813    1958      
174   114       T           L         0.1804    2860      
175   160       G           N         0.1799    2851      
176   171       H           H         0.1798    2525      
177   104       E           D         0.1792    2740      
178   107       P           P         0.1780    2663      
179   38        Q           N         0.1780    354       
180   130       Y           S         0.1762    2872      
181   198       S           K         0.1754    2537      
182   196       N           G         0.1724    2552      
183   192       T           T         0.1711    2537      
184   179       A           Y         0.1682    2551      
185   207       H           P         0.1675    1725      
186   178       V           Y         0.1675    2370      
187   151       K           E         0.1663    2880      
188   144       K           G         0.1653    2922      
189   170       Q           R         0.1634    2692      
190   43        D           D         0.1625    363       
191   99        S           V         0.1623    2717      
192   18        G           G         0.1616    229       
193   94        K           P         0.1573    2696      
194   200       H           H         0.1561    2543      
195   95        N           L         0.1559    2701      
196   177       Y           F         0.1556    2204      
197   105       N           D         0.1539    2671      
198   197       T           Q         0.1531    2548      
199   176       M           M         0.1509    2107      
200   146       F           F         0.1478    2896      
201   147       N           T         0.1458    2908      
202   44        M           S         0.1456    371       
203   117       E           V         0.1444    2868      
204   145       E           K         0.1314    2922      
205   103       K           R         0.1290    2721      
206   172       N           R         0.1137    2383      
207   148       N           F         0.1097    2899      
208   108       Y           Y         0.1057    2506      
